m1: 0.8943152
m2: 0.623706
T_data: 0.2706092
p: 0.0094
